1111111101011111111
0000000111100000000
1111110000101111111
0000010110110000000
1111011011010111111
0001101101111000000
1100110110001011111
0100011010101100000
0101001111110101111
1111000000011110001
0001011111000010100
1101100001011011101
0110101101101100110
0011110110110100010
1000011011011101010
1011001101100111111
1101000110100000000
0111010011101111110
0001110000110000010
1100010110010111010
0101011010011001111
1111101110001000001
0000110010101011100
1110010011111100101
0010010000000100110
